LM=0
OUTLINES=1
POINTS=200
240 529
235 533
229 534
222 533
215 533
209 533
202 533
196 533
189 533
182 533
176 533
169 533
162 533
156 533
149 533
142 532
136 532
134 525
136 519
138 512
139 505
140 499
141 492
142 485
142 479
142 472
142 465
142 459
142 452
142 445
141 439
140 432
139 426
138 419
137 412
136 406
134 399
132 392
128 386
123 379
117 372
112 366
105 359
99 354
92 349
85 343
79 339
72 334
67 327
64 321
61 314
58 307
55 301
52 294
50 288
48 281
45 274
43 268
40 261
38 254
35 248
34 241
34 234
35 228
35 221
35 215
36 208
37 201
37 195
38 188
39 181
40 175
42 168
44 161
46 155
48 148
50 141
52 135
55 128
57 122
59 115
62 108
64 102
66 95
69 88
70 82
72 75
74 68
76 62
78 55
80 49
82 42
85 35
87 29
92 24
99 21
105 19
112 17
119 14
125 15
132 14
138 14
145 13
152 12
158 12
165 12
172 12
178 11
185 12
192 12
198 12
205 12
211 12
218 12
225 12
231 13
238 13
245 13
251 13
258 14
265 17
271 19
272 26
274 32
275 39
278 46
279 52
280 59
283 66
285 72
287 79
289 86
290 92
293 99
296 106
298 112
301 119
303 125
306 132
308 139
309 145
311 152
313 159
314 165
316 172
318 179
319 185
321 192
322 198
323 205
323 212
324 218
325 225
326 232
326 238
326 245
326 252
326 258
325 265
325 271
325 278
322 284
320 290
317 297
314 304
310 310
305 317
300 323
295 328
288 334
282 339
275 346
268 352
262 358
256 363
251 369
246 375
241 382
237 389
235 395
234 402
233 409
232 415
231 422
231 428
231 435
231 442
231 448
231 455
232 462
232 468
232 475
232 482
232 488
233 495
234 501
235 508
237 515
240 521
241 528
IMAGE=M0001 small.tif
LM=0
OUTLINES=1
POINTS=200
246 529
239 532
233 532
226 532
219 533
212 534
206 535
199 535
192 535
185 535
179 536
172 536
165 536
158 536
152 536
145 535
139 530
140 523
142 517
144 510
145 503
145 496
146 490
147 483
147 476
148 469
148 463
148 456
148 449
146 442
144 436
142 429
142 422
141 415
139 409
136 402
132 395
126 388
120 383
113 377
106 372
100 368
93 363
86 359
79 354
73 349
67 343
61 336
57 329
54 323
50 316
46 309
43 302
41 296
39 289
36 282
34 275
33 269
31 262
30 255
29 248
29 242
29 235
30 228
30 221
30 215
31 208
32 201
33 194
34 188
35 181
36 174
37 167
38 161
40 154
42 147
44 140
46 134
48 127
51 120
53 114
55 107
57 100
59 93
61 87
63 80
65 73
67 66
68 60
69 53
70 46
71 39
72 33
74 26
80 20
87 17
93 14
100 13
107 11
114 10
120 8
127 7
134 6
141 5
147 4
154 4
161 3
168 4
174 4
181 4
188 4
195 3
201 3
208 3
215 3
222 4
228 5
235 6
242 8
249 10
255 12
262 16
264 23
265 29
267 36
269 43
270 50
273 56
275 63
278 70
280 77
283 83
286 90
289 97
293 104
296 110
299 117
302 124
305 131
307 137
309 144
312 151
315 158
317 164
320 171
322 178
324 185
325 191
326 198
327 205
327 212
328 218
329 225
329 232
330 239
330 245
330 252
329 259
330 266
329 272
328 279
327 286
324 292
322 299
319 306
314 313
310 319
306 325
300 332
295 337
290 342
284 348
277 354
270 359
264 365
258 371
252 376
247 382
244 388
239 394
238 401
235 407
234 413
235 420
235 427
236 434
236 440
236 447
237 454
236 461
237 467
238 474
238 481
239 488
239 494
240 501
242 508
244 515
247 521
246 528
IMAGE=M0002 small.tif
LM=0
OUTLINES=1
POINTS=200
255 532
249 535
242 537
236 539
229 540
222 540
215 540
208 541
202 541
195 541
188 541
181 542
175 542
168 543
161 543
154 542
149 537
149 531
152 524
154 517
155 510
155 503
155 497
158 490
159 483
160 476
161 469
162 463
160 456
158 449
156 442
154 436
152 429
150 422
149 415
147 408
144 402
140 395
133 388
126 382
119 377
113 372
106 367
99 363
92 357
86 353
80 348
74 342
68 335
63 328
60 322
57 315
53 308
50 301
47 294
45 288
44 281
43 274
41 267
41 260
43 254
43 247
44 240
44 233
45 227
46 220
46 213
47 206
48 200
49 194
50 187
51 180
53 173
54 166
55 160
57 153
60 146
61 139
62 132
64 126
68 119
69 112
72 105
74 99
75 92
76 85
78 78
80 71
81 65
83 58
83 51
83 44
84 37
87 31
94 24
101 22
108 20
115 19
121 17
128 16
135 15
142 14
148 13
155 12
162 11
169 10
176 10
182 9
189 9
196 9
203 8
210 9
216 9
223 10
230 10
237 10
244 11
250 11
257 12
264 13
271 15
277 17
280 24
284 31
285 38
284 45
287 51
289 58
291 65
294 72
296 79
298 85
300 92
302 99
305 106
308 113
310 119
312 125
315 132
317 139
319 145
321 152
323 159
325 166
327 173
329 179
330 186
332 193
333 200
334 207
335 213
336 220
337 226
339 233
340 239
340 246
340 253
341 260
341 267
340 273
340 280
339 287
337 294
335 301
333 307
328 314
325 321
320 327
314 334
309 339
302 344
296 349
290 354
284 359
277 365
270 370
264 376
258 383
253 389
249 396
245 402
244 409
243 416
243 422
244 429
244 436
244 443
244 450
244 456
244 463
245 470
245 477
245 483
245 490
246 497
247 504
248 511
249 517
253 524
255 531
IMAGE=M0003 small.tif
LM=0
OUTLINES=1
POINTS=200
233 523
229 529
223 529
216 529
210 529
203 530
197 530
190 531
184 531
177 531
171 531
164 532
158 532
151 532
145 532
138 532
131 531
126 527
126 520
128 514
129 507
131 501
131 494
131 488
132 481
132 475
133 468
134 462
134 455
134 449
133 442
132 435
130 429
127 422
125 416
125 409
124 403
123 396
121 390
119 383
116 377
110 370
105 364
98 358
92 353
85 347
78 341
72 337
65 331
59 325
54 319
51 313
47 306
43 300
39 293
36 287
33 280
30 274
28 267
25 261
23 254
22 248
23 241
24 234
25 228
26 221
27 215
28 208
29 202
30 195
30 189
31 182
32 176
33 169
34 163
35 156
36 150
37 143
39 136
42 130
44 123
46 117
48 110
50 104
51 97
53 91
54 84
56 78
58 71
59 65
60 58
61 52
62 45
63 38
64 32
71 26
77 23
84 22
90 20
97 19
103 18
110 16
116 15
123 14
129 13
136 13
142 12
149 12
156 11
162 11
169 11
175 11
182 11
188 11
195 11
201 12
208 11
214 11
221 12
227 14
234 16
240 19
241 26
243 33
244 39
246 46
247 52
249 59
251 65
254 72
256 78
258 85
261 91
263 98
266 104
268 111
271 117
274 124
277 131
280 137
282 144
284 150
287 157
289 163
291 170
292 176
294 183
295 189
297 196
298 202
299 209
300 215
300 222
301 228
302 235
301 242
300 248
299 255
298 261
298 268
297 274
295 281
294 287
290 294
288 300
283 307
279 313
273 320
267 326
260 333
253 338
249 342
243 348
240 353
234 360
230 365
225 372
223 378
221 385
220 391
220 398
220 404
220 411
220 417
220 424
220 431
221 437
221 444
221 450
221 457
222 463
222 470
222 476
222 483
223 489
224 496
226 502
229 509
231 515
233 522
IMAGE=M0004 small.tif
LM=0
OUTLINES=1
POINTS=200
249 572
242 577
235 580
228 582
220 584
213 584
206 584
199 584
192 584
185 584
177 584
170 584
163 584
156 584
149 584
142 585
135 585
127 585
120 583
119 576
119 569
123 562
127 555
129 548
130 540
132 533
132 526
132 519
133 512
133 505
132 497
131 490
129 483
128 476
127 469
127 462
126 455
125 447
124 440
122 433
118 426
113 419
106 412
99 406
91 399
84 394
77 389
70 383
64 378
57 372
51 364
46 357
42 350
38 343
34 336
31 329
29 322
26 314
24 307
22 300
21 293
20 286
21 279
22 272
22 264
22 257
23 250
24 243
25 236
26 229
28 221
28 214
29 207
30 200
32 193
33 186
35 179
37 172
39 165
41 158
45 151
46 144
49 137
52 129
54 123
56 116
58 109
60 102
63 95
64 88
67 80
68 73
69 66
72 59
73 52
75 45
82 39
90 34
97 32
104 31
111 30
118 29
125 29
133 28
140 28
147 28
154 27
161 26
168 25
175 25
183 26
190 27
197 27
204 28
211 29
218 29
225 30
233 31
240 31
247 33
254 35
261 38
268 41
276 46
277 53
277 60
278 67
280 74
281 81
283 88
285 96
287 103
288 110
291 117
293 124
296 131
299 139
302 146
304 153
307 160
310 167
313 174
315 181
317 189
319 196
320 203
321 210
322 217
324 224
325 231
327 239
327 246
328 253
329 260
329 267
330 274
330 282
329 289
329 296
329 303
328 310
327 317
325 324
323 332
321 339
317 346
314 353
310 359
304 366
298 371
291 378
284 383
277 388
270 392
263 397
257 403
249 408
242 415
236 422
231 429
229 436
228 443
228 450
227 458
227 465
227 472
227 479
227 486
227 493
227 500
228 508
228 515
228 522
228 529
229 536
231 543
235 551
242 557
248 564
250 571
IMAGE=M0005 small.tif
LM=0
OUTLINES=1
POINTS=200
250 524
245 530
239 531
232 531
225 533
219 533
212 534
205 534
199 534
192 533
185 533
179 534
172 535
165 536
159 537
152 536
145 535
139 535
132 535
127 529
127 523
132 517
136 511
139 504
140 497
140 491
141 484
141 477
141 471
142 464
143 457
143 451
143 444
143 437
143 431
143 424
143 417
141 411
138 404
135 397
130 391
126 384
120 377
115 372
109 366
102 360
96 355
89 350
82 346
76 341
70 335
63 329
57 323
51 316
47 309
44 303
41 296
38 289
38 283
37 276
36 270
35 263
35 256
34 250
34 243
34 236
34 230
35 223
37 216
38 210
39 203
40 196
41 190
42 183
44 176
45 170
47 163
49 156
51 150
53 143
55 136
58 130
61 123
64 116
67 110
70 103
73 96
75 90
76 83
75 76
72 70
66 64
66 57
67 51
68 44
69 37
74 32
81 25
87 22
93 21
100 21
106 20
113 19
120 18
126 18
133 17
140 16
146 17
153 16
160 15
166 15
173 15
180 15
186 16
193 15
200 16
206 17
213 17
220 17
226 18
233 19
240 20
246 22
253 25
260 30
265 36
268 43
267 50
265 56
259 63
257 70
258 76
260 83
262 90
265 96
270 103
274 110
277 116
281 123
285 130
288 136
291 143
294 149
296 156
299 163
301 169
304 176
306 183
307 189
309 196
310 203
312 209
313 216
314 223
315 229
316 236
317 243
317 249
317 256
317 263
316 269
314 276
312 283
309 289
307 296
304 303
302 309
297 316
290 322
285 328
278 334
272 339
266 345
260 351
255 357
250 363
245 370
241 377
238 383
236 390
236 396
237 403
237 410
236 416
236 423
236 430
237 436
236 443
235 450
235 456
234 463
234 470
235 476
236 483
237 490
238 496
240 503
243 510
247 516
250 523
IMAGE=M0006 small.tif
LM=0
OUTLINES=1
POINTS=200
246 516
240 521
234 522
227 522
220 523
214 523
207 522
200 521
194 521
187 521
180 522
174 523
167 524
160 524
154 523
147 526
140 525
133 525
127 523
123 517
125 510
129 504
133 497
135 490
137 484
138 477
138 470
138 464
138 457
140 450
140 444
139 437
139 430
138 424
137 417
136 410
135 404
132 397
130 390
128 384
122 378
117 371
112 366
105 361
98 356
91 351
85 348
79 342
72 337
68 332
63 325
60 318
56 312
51 305
47 298
45 292
43 285
41 278
39 272
38 265
36 258
35 252
34 245
33 238
33 232
33 225
35 218
36 212
37 205
39 198
40 192
42 185
44 178
46 171
48 165
49 158
51 151
54 145
56 138
59 131
61 125
64 118
67 111
69 105
72 98
75 91
77 85
77 78
75 71
70 67
64 61
60 54
60 48
60 41
62 34
68 28
75 24
82 22
88 20
95 19
102 17
109 15
115 15
122 15
129 14
135 14
142 13
149 13
155 13
162 13
169 12
175 12
182 11
189 11
195 11
202 11
209 12
215 12
222 13
229 14
235 15
242 16
249 17
255 19
262 23
264 30
265 36
266 43
262 50
256 56
251 61
250 68
251 75
254 81
257 88
261 95
265 101
269 108
273 115
277 121
280 128
283 135
285 141
288 148
291 155
293 161
296 168
298 175
300 181
302 188
305 195
306 201
306 208
307 215
307 221
308 228
308 235
307 242
307 248
306 255
305 262
305 268
304 275
303 282
302 288
300 295
297 302
294 308
290 315
284 322
278 328
271 335
264 340
258 344
252 349
245 355
240 361
236 368
232 375
228 381
228 388
227 395
227 401
226 408
225 415
225 422
225 428
225 435
225 442
225 448
226 455
226 462
227 468
229 475
230 482
232 488
236 495
239 502
244 508
246 515
IMAGE=M0008 small.tif
LM=0
OUTLINES=1
POINTS=200
247 529
244 536
237 540
231 537
224 540
217 541
210 541
203 539
197 538
190 540
183 542
176 543
169 543
163 543
156 543
149 543
142 542
135 544
129 542
125 535
127 528
133 521
136 514
137 508
138 501
138 494
138 487
139 480
139 473
139 467
139 460
138 453
138 446
138 439
137 433
137 426
135 419
132 412
128 405
123 400
116 393
109 387
102 381
95 376
89 372
82 368
75 364
68 359
61 353
57 347
52 340
48 333
45 326
42 319
39 313
36 306
33 299
31 292
29 285
28 279
26 272
25 265
23 258
21 251
21 245
21 238
21 231
21 224
22 217
23 211
23 204
25 197
26 190
27 183
29 177
31 170
32 163
34 156
37 149
39 142
41 136
43 129
45 122
48 115
51 108
53 102
55 95
56 88
56 81
54 74
50 68
46 61
45 54
47 47
51 41
57 38
64 34
71 30
78 29
85 27
91 25
98 23
105 23
112 22
119 21
125 22
132 21
139 21
146 21
153 21
159 21
166 21
173 21
180 22
187 22
193 22
200 22
207 22
214 23
221 23
227 24
234 24
241 25
248 28
255 31
260 38
260 44
258 51
254 58
253 65
254 72
256 78
259 85
263 92
266 99
271 106
274 112
277 119
280 126
284 133
287 140
290 146
293 153
295 160
298 167
300 174
302 180
304 187
306 194
308 201
309 208
310 214
311 221
311 228
310 235
310 242
309 248
309 255
308 262
307 269
306 276
305 282
303 289
302 296
300 303
298 310
296 316
294 323
290 329
285 336
279 342
273 348
267 353
260 359
253 365
248 370
242 376
239 381
233 387
229 394
227 401
227 408
227 414
227 421
227 428
228 435
228 442
228 448
229 455
229 462
229 469
228 476
229 482
230 489
231 496
232 503
235 510
239 516
246 521
248 528
IMAGE=M0009 small.tif
LM=0
OUTLINES=1
POINTS=200
288 768
280 774
270 777
261 776
251 777
242 777
233 777
223 776
214 777
205 777
195 777
186 775
180 766
182 757
184 748
184 738
185 729
184 720
183 710
182 701
181 691
181 682
180 673
179 663
180 654
180 644
179 635
177 626
174 616
170 607
163 598
153 589
144 584
134 580
125 575
116 571
106 565
97 559
87 552
78 545
72 536
65 526
58 517
51 508
45 498
41 489
36 479
32 470
27 461
23 451
19 442
15 433
14 423
13 414
13 404
12 395
13 386
13 376
13 367
13 357
14 348
14 339
16 329
16 320
17 311
18 301
19 292
20 282
23 273
24 264
25 254
26 245
29 236
31 226
33 218
37 208
39 199
41 190
45 181
49 172
52 162
56 153
60 144
64 134
68 125
71 116
75 106
78 97
82 87
84 78
86 69
88 59
89 50
90 40
97 32
106 28
116 24
125 22
134 21
144 19
153 17
163 16
172 15
181 15
191 14
200 13
209 12
219 12
228 11
238 12
247 13
256 14
266 15
275 15
285 16
294 18
303 20
313 24
315 33
317 42
320 52
323 61
326 71
330 80
333 89
337 99
342 108
347 118
352 127
356 136
361 146
365 155
369 164
374 174
378 183
382 193
385 202
389 211
392 221
395 230
397 239
399 249
403 258
404 268
406 277
407 286
409 296
411 305
413 315
415 324
416 333
417 343
418 352
418 361
419 371
420 380
420 390
420 399
420 408
420 418
419 427
418 436
416 446
413 455
411 465
408 474
404 483
399 493
395 502
389 512
382 521
373 530
363 538
355 544
346 550
337 557
329 563
319 570
310 575
302 582
295 589
288 598
283 608
280 617
279 626
278 636
277 645
278 654
278 664
277 673
278 683
278 692
279 701
280 711
281 720
281 729
282 739
283 748
286 758
288 767
IMAGE=M0010 large.tif
LM=0
OUTLINES=1
POINTS=200
306 770
296 774
287 777
277 777
269 781
259 782
250 783
240 784
231 783
221 783
212 782
202 781
193 781
186 773
185 764
190 754
192 745
193 735
193 726
193 716
193 707
193 697
193 688
193 678
193 669
192 659
191 650
189 640
186 631
183 621
178 612
169 602
160 595
150 589
141 583
131 578
122 573
112 567
103 562
93 555
84 548
75 538
68 529
62 519
57 510
51 500
47 491
42 481
38 472
34 462
31 453
28 443
25 434
24 424
23 415
22 405
22 396
21 386
21 377
22 367
21 358
23 348
24 339
26 329
27 320
29 310
30 301
32 291
34 281
35 272
38 262
40 253
43 243
45 234
48 224
50 215
53 205
56 196
58 186
61 177
65 167
68 158
72 148
76 140
80 130
83 121
87 111
90 102
93 92
95 83
98 73
100 64
102 54
103 45
102 35
105 26
115 22
124 18
134 16
143 14
153 13
162 11
172 10
181 8
191 8
200 7
210 7
219 6
229 7
238 6
248 7
257 7
267 7
276 8
286 9
295 10
305 12
314 15
322 21
325 30
325 40
327 49
330 59
333 68
337 78
340 87
345 97
348 106
352 116
356 125
360 135
364 144
368 154
373 164
377 173
381 183
384 192
388 202
391 211
395 221
397 230
401 240
404 249
406 259
409 268
412 278
416 287
418 297
420 306
422 316
423 325
424 335
425 344
426 354
426 363
427 373
426 382
427 391
428 400
428 410
427 419
426 429
426 438
425 448
424 457
421 467
418 476
415 486
411 495
405 505
398 514
390 524
383 533
374 541
365 548
356 555
347 562
337 569
328 575
318 581
309 588
300 598
294 607
291 617
288 626
287 636
286 645
286 655
286 664
286 674
287 683
288 693
288 702
289 712
291 721
294 731
297 740
301 750
305 759
306 769
IMAGE=M0011 large.tif
LM=0
OUTLINES=1
POINTS=200
280 743
271 746
262 748
253 749
244 750
234 753
225 754
216 754
207 752
198 752
189 752
180 751
171 749
172 740
174 730
176 721
176 712
177 703
178 694
177 685
177 676
176 667
175 658
174 648
173 639
173 630
173 621
172 612
170 603
168 594
164 585
158 576
149 567
140 561
131 555
122 550
113 545
104 539
95 533
86 526
77 520
67 510
60 501
55 492
50 483
45 474
40 465
34 456
31 447
27 438
24 428
20 419
17 410
14 401
14 392
13 383
13 374
13 365
14 356
14 346
15 337
15 328
17 319
19 310
20 301
22 292
24 283
26 274
28 264
31 255
33 246
35 237
37 228
39 219
42 210
45 201
47 192
50 182
53 173
57 164
60 155
63 146
66 137
70 128
73 119
77 110
80 100
84 91
87 82
89 73
92 64
93 55
94 46
94 37
99 28
109 23
118 20
127 17
136 14
145 13
154 12
163 12
172 11
181 11
190 11
200 11
209 11
218 10
227 11
236 10
245 11
254 11
263 10
272 11
282 13
291 15
300 18
309 22
318 30
318 39
320 48
322 57
325 66
328 76
331 85
334 94
337 103
341 112
346 121
351 130
355 139
360 148
365 158
369 167
373 176
376 185
380 194
383 203
386 212
389 221
393 230
396 240
399 249
401 258
403 267
405 276
408 285
411 294
413 303
415 312
416 322
418 331
419 340
419 349
419 358
420 367
420 376
419 385
418 394
419 404
417 413
416 422
413 431
412 440
409 449
406 458
401 467
396 476
388 486
382 494
375 503
366 511
357 519
348 526
339 532
330 537
322 544
312 550
303 555
294 561
285 570
279 578
276 587
273 596
272 605
271 614
270 624
270 633
270 642
270 651
269 660
269 669
270 678
270 687
271 696
272 706
273 715
275 724
277 733
280 742
IMAGE=M0012 large.tif
LM=0
OUTLINES=1
POINTS=200
292 767
282 770
273 770
263 769
254 771
244 773
235 773
225 774
216 775
206 776
197 775
187 774
183 767
185 757
187 748
187 738
187 729
187 719
187 710
187 700
186 691
185 681
185 672
184 662
183 653
181 643
180 634
178 624
175 615
169 605
160 596
151 590
142 586
132 580
123 576
113 571
104 566
94 560
85 554
75 547
66 540
60 530
55 521
50 511
45 502
40 492
36 483
32 473
29 464
25 454
21 445
18 435
15 426
15 416
14 407
14 397
13 388
13 378
13 369
13 359
14 350
14 340
15 331
16 321
17 312
18 302
19 293
21 283
22 273
24 264
26 254
28 245
30 235
33 226
36 216
39 207
42 197
44 188
48 178
51 169
55 159
59 150
62 140
65 131
69 121
71 112
74 102
77 93
79 83
80 74
83 64
84 55
85 45
86 36
91 27
100 23
110 19
119 16
129 14
138 12
148 10
157 9
167 8
176 7
186 6
195 5
205 5
214 5
224 5
233 5
243 5
252 6
262 8
271 9
281 11
290 13
300 15
309 19
311 27
312 35
313 45
314 54
317 64
320 73
324 83
328 92
333 102
337 111
341 121
345 130
350 140
354 149
359 159
363 169
367 178
372 188
375 197
380 207
382 216
385 226
388 235
392 244
394 253
397 263
400 272
402 282
405 291
407 301
409 310
411 320
413 329
415 339
416 348
417 358
418 367
419 377
419 386
419 396
420 404
420 414
419 423
419 433
418 442
416 452
414 461
412 471
409 480
405 490
399 499
393 509
385 518
377 528
368 536
358 544
349 551
339 558
330 563
320 568
311 573
301 580
292 586
284 596
281 604
280 614
280 623
280 633
280 642
280 652
281 661
281 671
281 680
281 690
282 699
282 709
283 718
285 728
286 737
288 747
292 756
293 766
IMAGE=M0014 large.tif
LM=0
OUTLINES=1
POINTS=200
285 782
277 789
268 789
258 790
249 792
239 792
230 793
220 792
210 792
201 792
191 790
182 790
172 786
173 776
176 767
177 757
178 748
179 738
178 729
180 720
177 710
177 701
176 691
176 682
176 672
176 662
175 653
174 643
172 634
168 624
164 615
157 605
147 597
138 590
128 582
119 577
109 570
99 564
90 558
80 551
71 543
63 533
56 524
49 514
42 504
39 495
35 485
32 476
29 466
25 456
23 447
21 437
18 428
16 418
16 409
15 399
15 389
14 380
15 370
15 361
16 351
17 341
19 332
20 322
21 313
23 303
24 294
26 284
29 274
31 265
34 255
36 246
39 236
42 226
44 217
47 207
50 198
52 189
55 180
58 170
61 160
64 151
68 141
72 132
76 122
80 112
84 103
88 93
91 84
94 74
96 65
98 55
99 45
99 36
106 26
115 21
125 18
135 16
144 14
154 13
163 12
173 11
182 10
192 9
202 8
211 7
221 6
230 6
240 7
250 8
259 9
269 9
278 10
288 11
297 12
307 14
317 17
326 24
332 33
333 42
335 52
337 62
340 71
343 81
347 90
351 100
355 109
359 119
364 129
368 138
372 148
375 157
378 167
382 177
386 186
389 196
393 205
396 215
399 224
402 234
405 244
408 253
411 263
414 272
416 282
418 292
421 301
423 311
425 320
427 330
429 339
430 349
431 359
432 368
433 378
434 387
434 397
434 407
433 416
432 426
431 435
431 445
429 454
425 464
422 474
420 483
415 493
412 501
405 510
397 520
389 529
382 538
373 545
363 552
354 559
344 564
334 572
325 578
315 585
306 591
296 600
289 609
284 618
280 628
278 637
276 647
276 656
276 666
276 676
276 685
276 695
276 704
276 714
276 724
277 733
277 743
278 752
279 762
282 771
285 781
IMAGE=M0015 large.tif
LM=0
OUTLINES=1
POINTS=200
300 779
291 782
281 784
272 785
262 786
253 786
243 787
234 787
224 788
215 788
205 788
196 787
190 780
193 771
196 761
197 752
198 742
197 733
197 723
197 714
196 705
196 695
195 686
195 676
194 667
194 657
192 648
190 638
186 629
180 619
172 610
162 602
153 595
143 589
134 583
124 576
115 569
106 562
96 556
87 548
79 539
73 530
67 520
63 511
59 501
55 492
51 482
48 473
44 463
41 454
39 444
37 435
35 425
33 416
32 406
32 397
32 388
31 378
32 369
33 359
33 350
35 340
34 331
36 321
37 312
39 302
40 293
42 283
44 274
46 264
48 255
51 245
53 236
56 227
59 217
62 208
64 198
67 189
70 179
73 170
76 160
79 151
83 141
86 132
90 122
93 113
96 103
100 94
104 84
107 75
110 65
111 56
113 47
113 37
116 28
126 22
135 19
145 15
154 13
164 11
173 10
183 9
192 7
202 7
211 7
221 6
230 6
240 6
249 6
258 6
268 7
277 7
287 7
296 8
306 10
315 11
325 15
334 20
337 30
337 39
340 49
343 58
346 68
350 77
354 87
357 96
362 106
366 115
369 124
373 134
376 143
381 153
384 162
388 172
391 181
395 191
398 200
402 210
405 219
408 229
412 238
416 248
418 257
421 267
424 276
427 285
430 295
432 304
434 314
435 323
437 333
437 342
439 352
439 361
439 371
439 380
440 390
440 399
439 409
439 418
438 428
438 437
435 447
434 456
433 465
430 475
427 484
423 494
419 503
414 513
408 522
401 532
392 541
382 550
373 556
363 564
354 571
344 579
335 585
325 593
316 600
308 608
302 617
297 626
295 636
293 645
292 655
292 664
293 674
293 683
292 693
292 702
292 712
292 721
292 731
292 740
293 750
294 759
298 769
300 778
IMAGE=M0016 large.tif
LM=0
OUTLINES=1
POINTS=200
292 779
282 784
273 787
263 789
254 791
244 793
234 794
225 794
215 794
205 793
196 793
186 792
177 791
168 785
167 775
170 766
174 756
176 746
176 737
175 727
175 718
175 708
175 698
175 689
175 679
175 669
176 660
175 650
173 641
169 631
165 621
158 612
149 603
139 597
130 591
120 585
111 579
101 572
91 566
82 559
72 550
65 540
58 531
52 521
47 512
40 502
33 492
29 483
26 473
23 463
20 454
17 444
13 435
10 425
8 415
7 406
7 396
6 386
6 377
7 367
7 358
8 348
9 338
11 329
12 319
14 309
16 300
18 290
20 281
23 271
25 261
27 252
30 242
33 233
37 223
40 213
43 204
46 194
50 184
54 175
58 165
61 156
65 146
69 136
72 127
75 117
79 107
82 98
84 88
87 79
89 69
91 59
93 50
94 40
94 30
103 22
113 19
122 16
132 14
142 12
151 11
161 9
171 8
180 8
190 8
199 7
209 6
219 6
228 6
238 6
248 5
257 5
267 4
276 6
286 9
296 11
305 13
315 16
324 21
325 30
326 40
329 49
332 59
334 69
337 78
340 88
344 98
348 107
352 117
356 126
361 136
366 146
370 155
374 165
379 174
383 184
387 194
390 203
393 213
397 223
400 232
403 242
406 251
409 261
412 271
414 280
417 290
419 300
422 309
424 319
426 328
428 338
429 348
430 357
431 367
431 377
431 386
431 396
431 405
430 415
429 425
428 434
426 444
424 454
421 463
417 473
414 482
409 492
404 502
399 511
393 521
386 531
378 540
369 550
361 557
352 564
343 570
334 577
324 584
314 591
305 597
295 605
287 614
282 624
278 634
276 643
275 653
275 663
275 672
275 682
275 691
276 701
276 711
277 720
278 730
280 740
283 749
288 759
292 768
293 778
IMAGE=M0017 large.tif
LM=0
OUTLINES=1
POINTS=200
295 785
285 789
276 791
266 793
257 794
247 794
237 795
228 795
218 794
209 794
199 793
189 793
180 792
170 788
170 778
172 769
176 759
178 750
180 740
180 730
180 721
179 711
180 702
179 692
179 682
179 673
179 663
179 654
178 644
176 634
172 625
164 615
155 608
145 603
135 597
126 592
116 587
107 581
97 575
87 568
78 559
69 549
62 539
58 530
52 520
47 511
43 501
40 491
37 482
34 472
31 463
28 453
25 443
23 434
23 424
24 415
24 405
24 395
25 386
26 376
27 367
28 357
30 347
31 338
33 328
34 318
36 309
38 299
39 290
41 280
43 270
46 261
48 251
50 242
52 232
55 222
58 213
61 203
64 194
67 184
70 174
74 165
77 155
81 146
84 136
87 126
90 117
94 107
97 97
101 88
104 78
107 69
110 59
110 49
111 40
117 31
126 26
136 22
146 20
155 19
165 17
174 15
184 14
194 13
203 12
213 11
222 11
232 10
242 11
251 11
261 12
270 13
280 14
290 15
299 16
309 18
319 21
328 25
335 35
337 44
340 54
342 64
345 73
349 83
353 92
356 102
359 112
363 121
367 131
372 140
376 150
381 160
384 169
388 179
391 188
394 198
397 208
400 217
403 227
406 237
409 246
411 256
414 265
417 275
420 285
422 294
424 304
426 313
428 323
430 333
432 342
434 352
435 361
436 371
437 381
438 390
439 400
439 409
439 419
438 429
437 438
436 448
434 458
432 467
430 477
427 486
424 496
420 506
416 515
410 525
405 534
398 544
389 554
380 561
370 568
361 575
351 582
341 588
332 593
322 599
313 605
303 612
295 621
290 630
286 640
284 649
283 659
282 669
283 678
282 688
283 698
283 707
283 717
284 726
285 736
287 746
290 755
294 765
298 774
296 784
IMAGE=M0018 large.tif
LM=0
OUTLINES=1
POINTS=200
292 750
284 754
275 755
265 756
256 757
247 757
238 758
229 757
220 757
210 756
201 756
192 754
183 752
181 743
181 734
186 724
188 715
189 706
189 697
192 689
191 680
191 670
191 661
191 652
190 643
190 634
190 625
189 615
188 606
186 597
182 588
176 579
168 571
160 563
151 555
142 548
133 542
124 536
115 531
105 524
96 518
87 510
78 501
71 495
66 485
61 476
56 467
51 458
46 449
42 440
38 430
35 421
33 412
33 403
33 394
33 385
35 375
35 366
36 357
37 348
37 339
39 330
41 320
43 311
44 302
45 293
47 284
49 275
51 265
53 256
55 247
57 238
60 229
62 220
65 210
67 201
70 192
73 183
76 174
79 165
83 155
86 146
90 137
93 128
97 119
101 109
105 101
109 92
112 84
116 75
119 66
121 56
123 47
125 38
126 29
134 23
143 19
153 17
162 15
171 13
180 11
189 11
198 9
208 9
217 7
226 7
235 7
244 7
253 7
263 8
272 9
281 9
290 10
299 12
308 14
318 16
327 17
336 22
341 30
343 39
344 49
347 58
350 67
353 76
357 85
361 94
365 104
369 113
373 122
377 131
381 140
384 149
388 159
391 168
394 177
397 186
400 195
403 204
407 214
410 223
412 232
415 241
418 250
420 259
423 269
425 278
427 287
429 296
431 305
432 314
433 324
435 333
436 342
437 351
437 360
437 369
436 379
436 388
436 397
434 406
432 415
432 425
431 434
430 443
427 452
424 461
420 470
415 480
409 489
400 498
392 507
383 516
374 523
364 529
355 534
346 540
337 546
328 552
319 559
309 567
302 575
296 584
292 593
289 602
287 611
285 621
285 630
285 639
285 648
285 657
286 666
286 676
286 685
286 694
287 703
288 712
289 721
292 731
294 740
293 749
IMAGE=M0019 large.tif
LM=0
OUTLINES=1
POINTS=200
312 820
303 826
293 828
283 829
273 830
263 831
253 831
243 831
233 831
223 830
213 829
203 826
201 816
204 806
205 796
206 786
206 776
207 766
206 756
206 746
205 736
204 726
203 716
203 706
202 696
201 686
200 676
198 666
195 656
188 646
178 639
168 633
158 627
148 622
138 616
128 610
118 603
108 598
98 592
88 584
80 574
73 564
68 554
63 544
57 534
52 524
49 514
47 504
44 494
41 484
39 473
36 463
34 453
33 443
30 433
28 423
26 413
26 403
27 393
27 383
28 373
29 363
30 353
32 343
34 333
35 323
38 313
40 303
42 293
45 283
47 273
49 263
52 253
54 243
57 233
60 223
62 213
65 203
69 193
72 183
76 173
79 163
82 153
86 143
90 133
93 123
95 113
97 103
100 93
102 83
103 73
105 63
105 53
108 43
117 37
127 35
137 32
147 30
157 28
167 26
177 24
187 23
197 22
207 21
217 20
227 20
237 19
247 18
257 18
267 18
277 19
287 18
297 19
307 20
317 22
327 24
337 26
347 30
357 36
358 46
359 56
361 66
363 76
366 86
369 96
372 106
376 116
380 126
384 136
388 146
392 156
396 166
401 176
405 186
409 196
413 206
416 216
420 226
423 236
427 246
430 256
433 266
436 276
439 286
443 296
446 306
448 316
450 326
452 336
454 346
456 357
457 367
458 377
460 387
461 397
462 407
462 417
463 427
463 437
463 447
462 457
460 467
459 477
456 487
454 497
450 507
447 517
443 525
438 535
432 545
426 555
418 565
408 575
398 584
388 591
378 597
368 605
358 612
348 618
338 624
328 631
318 639
309 649
305 659
304 669
303 679
303 689
303 699
303 709
302 719
302 729
302 739
302 749
302 759
303 769
303 779
305 789
306 799
309 809
312 819
IMAGE=M0020 large.tif
LM=0
OUTLINES=1
POINTS=200
303 797
293 800
284 803
274 804
264 805
255 806
245 807
235 807
226 807
216 807
206 807
197 806
189 799
189 789
192 780
196 770
197 760
198 751
197 741
197 731
196 722
196 712
195 702
194 693
194 683
193 673
191 663
190 654
188 644
186 634
181 625
174 616
164 608
155 602
145 597
135 590
126 585
116 580
107 574
100 569
91 563
82 554
75 545
68 535
61 525
54 516
47 506
43 496
39 487
36 477
33 467
30 458
27 448
26 438
25 429
24 419
23 409
22 400
22 390
21 380
21 371
22 361
22 351
23 342
24 332
25 322
26 313
27 303
29 293
30 284
32 274
33 264
35 255
38 245
40 235
42 225
44 216
47 206
50 196
53 187
56 177
59 167
63 159
66 149
69 139
73 130
76 120
79 110
83 101
86 91
88 81
91 72
93 62
95 52
96 43
99 33
109 26
118 22
128 19
138 16
147 14
157 13
167 12
176 11
186 10
196 9
205 8
215 8
225 7
234 7
244 7
254 7
263 9
273 10
283 11
292 13
302 15
312 17
318 24
319 34
319 44
322 53
326 63
330 73
333 82
338 92
342 102
347 112
351 121
356 131
361 141
365 150
370 160
375 170
379 179
383 189
387 199
391 208
395 218
399 228
402 237
405 247
407 257
410 266
413 276
416 286
418 295
420 305
422 315
424 324
426 334
427 344
428 353
429 363
430 373
431 382
431 392
430 402
429 411
428 421
427 431
427 440
426 450
425 460
423 469
420 479
416 489
412 498
407 508
401 518
394 527
386 537
378 547
369 556
359 565
349 573
339 580
330 587
320 594
310 603
301 612
296 622
293 632
292 641
292 651
292 661
292 670
292 680
293 690
293 699
293 709
293 719
293 728
293 738
294 748
295 757
297 767
302 777
305 786
304 796
IMAGE=M0021 large.tif
LM=0
OUTLINES=1
POINTS=200
237 631
230 633
222 633
215 633
207 633
200 633
192 633
185 635
177 634
170 633
162 633
155 633
147 633
140 632
135 625
137 618
139 610
141 603
142 595
142 588
142 580
142 573
142 565
142 558
142 550
141 543
141 535
141 528
141 520
140 513
139 505
138 498
136 490
132 483
125 475
118 468
110 463
103 458
95 452
88 448
80 443
73 437
65 431
58 426
52 419
46 412
44 404
43 397
40 389
38 382
35 374
33 367
30 359
29 352
27 344
26 337
24 329
23 322
23 314
23 307
21 300
22 293
22 285
23 278
23 270
25 263
26 255
27 248
29 240
31 233
33 225
34 218
36 210
38 203
41 195
43 188
45 180
48 173
51 165
53 158
56 150
58 143
61 135
63 128
66 120
68 113
71 105
73 98
74 90
76 83
78 75
80 68
80 60
82 53
88 47
95 43
103 42
110 40
118 38
125 37
133 37
140 36
148 36
155 35
163 35
170 34
178 34
185 34
193 34
200 34
208 34
215 35
223 35
230 35
238 36
245 36
253 37
260 38
267 42
273 49
277 57
279 64
281 72
283 79
285 87
288 94
289 102
292 109
295 117
297 124
300 132
302 139
305 147
308 154
311 162
314 169
317 177
319 184
322 192
324 199
326 207
329 214
331 222
332 229
334 237
335 244
336 252
337 259
339 267
340 274
341 282
341 289
342 297
343 304
343 312
343 319
343 327
343 334
343 342
341 349
340 357
338 364
336 372
333 379
330 387
327 394
324 402
319 409
314 417
307 424
300 430
293 435
285 441
279 446
271 453
264 457
257 464
250 469
243 473
237 480
235 488
232 495
232 503
231 510
231 518
231 525
231 533
231 540
232 548
231 555
232 563
232 570
231 578
231 585
231 593
232 600
233 608
236 615
238 623
238 630
IMAGE=M0023 medium.tif
LM=0
OUTLINES=1
POINTS=200
261 602
253 605
246 608
238 608
231 610
223 611
216 611
208 611
200 611
193 611
185 610
178 610
170 610
163 610
155 609
147 608
144 602
144 594
147 587
149 579
151 572
152 564
152 556
153 549
154 541
155 534
156 526
157 519
156 511
153 503
152 496
150 488
149 481
145 473
142 466
137 458
131 450
124 444
116 438
109 433
101 427
94 422
86 416
78 409
71 403
63 396
57 389
52 381
49 374
45 366
42 358
39 351
36 343
35 336
33 328
32 320
30 313
29 305
26 299
26 291
27 284
26 276
26 268
27 261
28 253
30 246
32 238
34 231
36 223
38 215
39 208
40 200
41 193
43 185
44 178
46 170
49 162
51 155
55 147
58 140
61 132
63 125
66 117
68 109
71 102
74 94
76 87
79 79
82 72
84 64
86 56
86 49
86 41
85 34
87 26
94 23
102 20
110 17
117 15
125 14
132 12
140 11
147 10
155 8
163 7
170 6
178 6
185 6
193 7
200 6
208 6
216 7
223 6
231 7
238 7
246 8
253 9
261 9
269 10
274 14
275 22
276 29
278 37
280 44
282 52
285 60
287 67
290 75
293 82
297 90
301 97
304 105
308 113
311 120
314 128
316 135
320 143
322 150
325 158
327 166
329 173
331 181
334 188
335 196
337 203
339 211
342 218
344 225
345 233
346 240
347 248
348 256
349 263
350 271
350 278
349 286
350 293
350 301
351 309
350 316
350 324
350 331
348 339
347 346
344 354
341 362
337 369
333 377
328 384
322 392
316 398
308 405
300 411
293 417
286 422
279 424
273 430
267 434
260 442
253 450
249 457
247 465
244 472
242 480
243 487
243 495
243 503
243 510
243 518
243 525
244 533
244 540
247 548
248 556
251 563
253 571
256 578
262 586
262 593
262 601
IMAGE=M0024 medium.tif
LM=0
OUTLINES=1
POINTS=200
288 603
281 608
274 611
266 612
259 613
251 614
244 614
236 614
228 616
221 616
213 617
206 617
198 616
191 617
183 617
176 616
171 611
170 603
173 596
178 588
180 581
181 573
179 566
179 558
178 550
177 543
176 535
175 528
175 520
174 513
173 505
170 498
169 490
168 482
166 475
162 467
158 460
151 454
144 448
136 442
128 437
121 432
113 425
106 421
98 416
91 411
84 405
78 400
74 392
70 384
66 377
62 369
58 362
53 354
49 347
47 339
44 331
42 324
39 316
38 309
39 301
39 294
40 286
40 279
40 271
40 263
41 256
42 248
43 241
44 233
46 226
47 218
49 210
50 203
52 195
54 188
56 180
58 173
60 165
62 158
65 150
67 142
69 135
72 127
74 120
76 112
78 105
80 97
83 89
85 82
87 74
88 67
89 59
90 52
91 44
93 37
101 32
109 30
116 27
124 26
131 24
139 22
146 21
154 19
162 18
169 17
177 17
184 17
192 16
199 16
207 15
214 15
222 14
230 14
237 15
245 16
252 17
260 18
267 19
275 21
282 26
285 33
290 41
292 48
295 56
298 63
300 71
302 78
304 86
307 94
309 101
312 109
315 116
319 124
323 131
328 139
332 147
335 154
337 162
340 169
343 177
347 184
349 192
351 199
354 207
356 215
358 222
360 230
361 237
363 245
364 252
366 260
367 268
368 275
369 283
369 290
370 298
370 305
371 313
371 320
368 328
368 336
366 343
363 351
361 358
358 366
355 373
350 381
344 389
339 393
331 401
324 406
317 410
310 416
302 421
295 427
287 433
280 438
277 445
272 452
268 458
266 466
265 473
265 481
266 489
265 496
266 504
266 511
266 519
267 526
268 534
268 541
269 549
270 557
272 564
274 572
278 579
284 587
287 594
289 602
IMAGE=M0025 medium.tif
LM=0
OUTLINES=1
POINTS=200
253 597
247 600
239 601
232 602
225 603
217 603
210 604
203 604
195 604
188 604
181 605
173 604
166 604
159 604
151 603
150 596
152 589
153 581
153 574
153 567
153 559
153 552
153 544
153 537
153 530
152 522
152 515
152 508
152 500
152 493
151 486
149 478
147 471
144 464
139 456
133 449
126 443
118 438
111 434
104 431
96 426
89 421
82 415
74 409
67 402
60 395
53 387
49 380
46 373
41 365
38 358
36 351
34 343
32 336
31 329
29 321
28 314
27 307
26 299
25 292
23 284
24 277
25 270
25 262
26 255
28 248
29 240
31 233
32 226
34 218
35 211
37 204
39 196
41 189
42 182
44 174
46 167
48 160
50 152
52 145
55 138
57 130
59 123
61 116
65 108
66 101
68 94
70 86
72 79
74 72
75 64
77 57
78 50
79 42
81 35
88 32
96 30
103 28
110 25
118 23
125 22
133 22
140 21
147 21
155 21
162 20
169 20
177 19
184 18
191 18
199 19
206 18
213 19
221 20
228 19
235 20
243 21
250 22
257 22
265 25
271 30
273 37
275 45
276 52
278 59
281 67
283 74
286 81
289 89
291 96
294 103
298 111
301 118
304 125
308 133
311 140
314 147
318 155
320 162
323 169
325 177
327 184
329 192
332 199
333 206
335 214
337 221
339 228
342 236
344 243
345 250
346 258
348 265
349 272
350 280
351 287
351 294
352 302
352 309
350 316
349 324
348 331
347 338
345 346
343 353
341 360
336 368
332 374
329 380
323 388
318 395
312 400
304 408
298 414
291 419
283 424
276 427
269 434
261 442
255 449
250 457
249 464
247 471
246 479
246 486
246 493
246 501
246 508
246 515
245 523
245 530
246 537
245 545
246 552
246 559
247 567
248 574
249 581
252 589
254 596
IMAGE=M0026 mediium.tif
LM=0
OUTLINES=1
POINTS=200
293 585
287 590
279 592
272 594
265 595
258 596
250 597
243 597
236 597
229 598
221 598
214 599
207 599
200 598
192 598
185 599
178 596
178 589
179 581
183 574
185 567
186 560
187 552
191 545
191 538
190 530
190 523
189 516
188 509
187 501
186 494
185 487
183 480
182 472
180 465
177 458
172 451
166 443
160 438
153 432
146 426
138 421
131 416
124 411
117 405
109 399
103 392
97 385
91 377
87 370
84 363
81 356
78 348
76 341
74 334
72 327
70 319
69 312
68 305
66 298
65 290
65 283
65 276
66 269
65 261
67 254
68 247
69 239
70 232
72 225
73 218
75 210
76 203
77 196
79 189
81 181
83 174
86 167
88 160
90 152
93 145
94 138
97 131
99 123
102 116
104 109
106 102
109 94
111 87
113 80
115 72
117 65
119 58
121 51
121 43
124 36
129 29
136 26
144 24
151 22
158 20
165 18
173 18
180 17
187 18
194 17
202 17
209 17
216 17
223 16
231 17
238 17
245 17
253 17
260 17
267 17
274 18
282 18
289 19
296 21
303 26
308 34
310 41
312 48
314 55
316 63
318 70
320 77
323 84
326 91
329 98
332 105
334 112
338 120
341 127
344 134
347 142
350 149
353 156
355 163
357 171
360 177
363 184
365 191
368 199
370 206
372 213
374 220
375 228
377 235
378 242
379 249
380 257
380 264
381 271
382 279
382 286
383 293
383 300
382 308
383 315
382 322
381 329
379 337
378 344
375 351
372 358
368 366
363 373
358 380
352 386
345 394
338 400
331 405
324 410
317 416
310 421
303 425
295 432
288 439
282 446
278 453
276 461
276 468
275 475
275 482
275 490
275 497
275 504
276 511
276 519
276 526
277 533
278 540
279 548
281 555
283 562
287 569
291 577
293 584
IMAGE=M0027 medium.tif
LM=0
OUTLINES=1
POINTS=200
272 615
265 618
257 620
250 621
242 620
235 621
227 622
220 622
212 623
205 623
197 623
190 623
182 622
175 621
167 618
167 611
169 603
171 596
172 588
173 581
172 573
172 566
172 558
172 551
172 543
172 536
172 528
172 521
172 513
170 506
168 499
167 491
165 484
164 476
161 469
156 461
150 454
142 448
135 442
127 437
120 433
112 428
105 423
97 417
90 411
82 403
77 396
72 388
69 381
66 373
63 366
60 358
58 351
55 343
53 336
50 328
48 321
48 314
48 306
47 299
47 291
48 284
49 276
50 269
51 261
52 254
53 246
54 239
55 231
56 224
58 216
59 209
61 201
63 194
65 186
67 179
69 171
71 164
74 156
77 149
79 141
82 134
85 126
87 119
90 111
92 104
94 97
97 89
99 82
102 74
104 67
107 59
107 52
110 44
112 37
117 31
124 29
132 27
139 26
147 24
154 23
162 22
169 21
177 20
184 19
192 18
199 19
207 19
214 20
222 21
229 21
237 21
244 22
252 22
259 22
266 23
274 23
281 24
289 26
294 32
298 40
299 47
301 55
303 62
305 70
307 77
309 85
312 92
314 100
318 107
321 115
324 122
328 130
331 137
334 145
337 152
340 160
343 167
346 175
348 182
350 190
352 197
354 205
356 212
358 219
360 227
362 234
364 242
365 249
366 257
367 264
368 272
369 279
369 287
370 294
370 302
370 309
370 317
370 324
369 332
368 339
366 347
363 354
361 362
358 369
354 377
351 384
345 392
340 399
334 405
329 411
323 416
316 422
309 427
301 433
294 438
286 443
280 450
273 457
270 464
267 472
265 479
264 487
264 494
263 502
263 509
263 517
263 524
264 532
264 539
264 547
264 554
264 562
263 569
263 577
264 584
264 592
267 599
270 607
272 614
IMAGE=M0028 medium.tif
